010110000
010100000
001101101
010110001
010101110
001101110
010110000
010101001
010000000
001111101
001010000
010110000
010100001
100001101
001111101
001010001
010110000
010100001
100001101
001110001
001100011
001110000
001100010
000100011
010111111
010100000
000110010
000100010
001110010
000010011
001110011
000001100
001110001
001100011
001110000
001100010
000100011
010111000
010101110
000110010
000100010
001110010
000010011
011100011
011100011
011100011
011100011
001110011
000001011
001110001
001100011
001110000
001100010
010110000
010100110
000110011
000100011
010110110
010101101
000110010
000100010
001110010
000010011
010110000
010100001
000110011
011100011
011100011
001110011
000001011
001110001
001100011
001110000
001100010
010110000
010100101
000110011
000100011
010110101
010101011
000110010
000100010
001110010
000010011
011100011
001110011
000001011
001110001
001100011
001110000
001100010
000100011
000100010
001110010
000010011
001111100
000010011
001111011
001100010
000100010
001110010
000010011
001110011
000001011
011100001
011100001
011100001
011100001
011100001
001110001
000001100
001110000
001100010
010111111
010100000
000110010
011110010
011110010
011110010
001110010
000001100
001110000
001100010
010110000
010101110
000110010
011100010
011100010
011100010
011100010
001110010
000001011
010110000
010100001
000110000
011100000
011100000
011100000
001110000
000001011
001111110
001001011
010110000
010100001
100001110
001111110
001001100
010110000
010100001
100001110
010110000
010100000
001101011
001101100
010110001
010101110
011011101
100010000
100110000
