010110000
010101101
010000000
010100000
010010000
010110111
010100111
010000001
010100001
010010001
010110000
010100000
001100000
010110001
010101110
011000000
100010001
001110000
001101111
010110001
010101110
100001111
001111111
001010001
010110000
010100001
100001111
001111111
001010010
001110010
001101010
010110000
010100001
000111010
011101010
011101010
011101010
001110001
001101011
010110001
010100000
000111011
011111011
011111011
001110001
001101100
010110000
010100100
000111100
011111100
001110001
001101101
010110000
010100010
000111101
011111101
001111011
000001010
001111100
000001010
001111101
000001010
001111010
001100011
001110001
001100100
010110000
010100001
000110100
001110010
001101111
010111111
010101110
000111111
000101111
001111111
001101010
001110010
001101111
010111111
010100000
000111111
000101111
001110001
001101110
010111110
010100000
000111110
000101110
001111110
000011111
000101111
001111111
001101011
001110010
001101111
010111100
010101100
000111111
000101111
001110001
001101110
010111100
010101000
000111110
000101110
001111110
000011111
000101111
001111111
001101100
001110010
001101111
010111010
010101010
000111111
000101111
001110001
001101110
010111010
010101000
000111110
000101110
001111110
000011111
000101111
001111111
001101101
011101010
011101010
011101010
011101011
011101011
011101100
001111011
000001010
001111100
000001010
001111101
000001010
001111010
001100101
001110001
001101010
010111111
010101110
000111010
000101010
001110010
001101011
000101011
001111011
000011010
000101010
001111010
001100110
001110011
001100111
001110101
000010111
001110100
001101000
001110110
000011000
010111100
010100000
010000010
010100000
010010010
010111110
010100110
010000011
010100000
010010011
010110010
010101111
010000100
010100001
010010100
010110111
010100011
010000101
010100001
010010101
010110000
010100000
001101100
010110000
010100000
011001000
100010010
100100011
010111101
010100100
010000110
010100000
010010110
010111101
010100101
010000111
010100000
010010111
010111110
010100101
010001000
010100000
010011000
010110000
010100000
011000111
100010110
100100111
100101000
010110000
010100000
001101111
001110000
001001111
001110000
001101110
010110000
010100001
100001110
010111000
010100000
001101111
001111110
001001111
100100101
100100100
010110000
010100001
001101111
001101100
010111111
010101110
010000110
010100000
010010110
010110001
010100110
010000111
010100001
010010111
010110010
010101110
010001000
010100001
010011000
010110000
010101000
011010111
100010110
100100111
010110000
010101011
010001001
010100001
010011001
010110001
010100011
010001010
010100001
010011010
010110000
010100000
001101001
001110111
011001001
100011010
011101111
010110000
010100001
100001001
100101001
001111111
000010001
100101000
010110010
010100011
010001001
010100001
010011001
010110010
010101011
010001010
010100001
010011010
010110000
010101000
001101001
001110111
011001001
100011010
011101111
010110000
010100001
100001001
100101001
001111111
000010010
100101000
100100100
001110010
001101101
011101101
011101101
011101101
010111111
010100000
000111101
001110001
001101110
011111110
011111110
011111110
011111110
010110000
010101110
000111110
001110001
001101111
011111111
011111111
011111111
010110000
010100001
000111111
001111101
001101010
001111110
000001010
001111111
000001010
001110010
001101011
011111011
011111011
011111011
011111011
011111011
010110000
010100111
000111011
010110110
010100111
010001011
010100001
010011011
010110110
010101010
010001100
010100001
010011100
010110000
010100001
011001100
100011011
100101100
010110100
010100000
000001011
001110000
001001010
001110000
001101111
010110000
010100001
100001111
001111111
001001011
010110000
010100010
100000000
100100000
100110000
