011100000
011110000
010001101
011100001
011111110
010001110
011100000
011111001
101010000
010011101
001100000
011100000
011110001
001001101
010011101
001100001
011100000
011110001
001001101
010010001
010000011
010010000
010000010
000110011
011101111
011110000
000000010
000110010
010010010
000100011
010010011
000011100
010010001
010000011
010010000
010000010
000110011
011101000
011111110
000000010
000110010
010010010
000100011
011000011
011000011
011000011
011000011
010010011
000011011
010010001
010000011
010010000
010000010
011100000
011110110
000000011
000110011
011100110
011111101
000000010
000110010
010010010
000100011
011100000
011110001
000000011
011000011
011000011
010010011
000011011
010010001
010000011
010010000
010000010
011100000
011110101
000000011
000110011
011100101
011111011
000000010
000110010
010010010
000100011
011000011
010010011
000011011
010010001
010000011
010010000
010000010
000110011
000110010
010010010
000100011
010011100
000100011
010011011
010000010
000110010
010010010
000100011
010010011
000011011
011000001
011000001
011000001
011000001
011000001
010010001
000011100
010010000
010000010
011101111
011110000
000000010
011010010
011010010
011010010
010010010
000011100
010010000
010000010
011100000
011111110
000000010
011000010
011000010
011000010
011000010
010010010
000011011
011100000
011110001
000000000
011000000
011000000
011000000
010010000
000011011
010011110
001011011
011100000
011110001
001001110
010011110
001011100
011100000
011110001
001001110
011100000
011110000
010001011
010001100
011100001
011111110
010111101
100000000
100100000
