010110010
010100000
001100000
010100001
001100001
010100010
001100010
010100011
001100011
010100000
010110000
001100100
001100101
001100110
001100111
001101000
001110000
001011001
010111111
010101000
000111001
010111111
010101000
001101011
010110000
010100000
001101100
001110001
001001100
001110010
001001100
001110011
001001100
010111001
010100001
010000000
010100001
010010000
010110010
010101110
010000001
010100000
010010001
010110000
010100000
001100100
001110000
011000100
100010000
010110000
010100000
001100111
010110100
010101000
010000010
010100000
010010010
010111100
010100101
010000011
010100000
010010011
010111000
010101101
010000100
010100001
010010100
010110001
010101111
011000100
100010010
100100011
010110101
010100101
010000101
010100000
010010101
010111100
010100100
010000110
010100000
010010110
010110000
010100000
001100101
010110000
010100100
011000101
100010110
001110101
001101000
001110100
001011101
010110110
010101010
010000111
010100000
010010111
010110111
010100010
010001000
010100000
010011000
010110000
010100000
001100110
001111000
011000110
100011000
011101101
010110000
010100001
100000110
100100111
010111111
010101000
001101111
001111101
000111111
010111000
010101010
010001001
010100000
010011001
010111100
010100000
010001010
010100000
010011010
001111111
001101100
001111001
000011100
010110000
010100000
011001100
100011001
100101010
010111001
010101001
010001011
010100000
010011011
010111010
010100000
010001100
010100000
010011100
010110000
010100100
011011000
100011011
100101100
001110001
001011010
010110000
010100001
100001010
001110001
001001010
010111010
010101111
010001011
010100000
010011011
010111011
010101001
010001100
010100000
010011100
010110000
010100000
011000111
100011011
100101100
010110000
010100001
001100111
001110010
001011010
010110000
010100001
100001010
001110010
001001010
001110011
001011010
010110000
010100001
100001010
001110011
001001010
010110000
010100001
100000101
100100101
100100100
010111101
010100010
010000101
010100000
010010101
010111000
010101100
010000110
010100001
010010110
010110000
010100000
001100101
010110000
010101000
011000101
100010110
001110101
001101000
001110100
001011101
001110100
001101100
010110000
010100001
100001100
001111100
001011110
010111111
010101000
001101011
010111111
010100001
010000111
010100000
010010111
010111111
010101001
010001000
010100000
010011000
010110000
010100000
001100110
001111000
011000110
100011000
011101101
010110000
010100001
100000110
100100111
010110000
010100101
010000111
010100001
010010111
010110000
010101110
010001000
010100001
010011000
001111000
001100110
010110000
010101000
011000110
100011000
011111110
010110000
010100001
100000110
100100111
010110001
010101111
010000111
010100001
010010111
010110011
010100101
010001000
010100001
010011000
010110000
010100011
001101100
001111000
011011100
100010111
100101000
010110010
010101100
010001001
010100001
010011001
010110011
010100100
010001010
010100001
010011010
010110000
010100011
001100110
001111000
011000110
100011010
011101011
010110000
010100001
100000110
100101001
100101000
010111111
010101000
000111110
001111011
000111101
001111101
001101111
001111110
000001111
010110101
010100001
010000111
010100001
010010111
010111000
010101000
010001000
010100001
010011000
001111001
001101100
001111111
000011100
010110000
010100000
011001100
100010111
100101000
010110110
010100000
010001001
010100001
010011001
010111000
010100001
010001010
010100001
010011010
010110000
010100100
011011000
100011001
100101010
001110001
001011010
010110000
010100001
100001010
001110001
001001010
010110111
010100110
010001011
010100001
010011011
010111000
010100000
010001100
010100001
010011100
010110000
010100000
011000111
100011011
100101100
010110000
010100001
001100111
001110010
001011010
010110000
010100001
100001010
001110010
001001010
100101010
001110011
001011010
010110000
010100001
100001010
001110011
001001010
010110000
010100001
100000101
100100101
100100100
010110000
010100001
100000100
100100001
100110000
