011100000
011111101
101010000
011110000
101000000
011100111
011110111
101010001
011110001
101000001
011100000
011110000
010000000
011100001
011111110
001110000
100000001
010010000
010001111
011100001
011111110
001001111
010011111
001100001
011100000
011110001
001001111
010011111
001100010
010010010
010001010
011100000
011110001
000001010
011001010
011001010
011001010
010010001
010001011
011100001
011110000
000001011
011011011
011011011
010010001
010001100
011100000
011110100
000001100
011011100
010010001
010001101
011100000
011110010
000001101
011011101
010011011
000011010
010011100
000011010
010011101
000011010
010011010
010000011
010010001
010000100
011100000
011110001
000000100
010010010
010001111
011101111
011111110
000001111
000111111
010011111
010001010
010010010
010001111
011101111
011110000
000001111
000111111
010010001
010001110
011101110
011110000
000001110
000111110
010011110
000101111
000111111
010011111
010001011
010010010
010001111
011101100
011111100
000001111
000111111
010010001
010001110
011101100
011111000
000001110
000111110
010011110
000101111
000111111
010011111
010001100
010010010
010001111
011101010
011111010
000001111
000111111
010010001
010001110
011101010
011111000
000001110
000111110
010011110
000101111
000111111
010011111
010001101
011001010
011001010
011001010
011001011
011001011
011001100
010011011
000011010
010011100
000011010
010011101
000011010
010011010
010000101
010010001
010001010
011101111
011111110
000001010
000111010
010010010
010001011
000111011
010011011
000101010
000111010
010011010
010000110
010010011
010000111
010010101
000100111
010010100
010001000
010010110
000101000
011101100
011110000
101010010
011110000
101000010
011101110
011110110
101010011
011110000
101000011
011100010
011111111
101010100
011110001
101000100
011100111
011110011
101010101
011110001
101000101
011100000
011110000
010001100
011100000
011110000
001111000
100000010
100010011
011101101
011110100
101010110
011110000
101000110
011101101
011110101
101010111
011110000
101000111
011101110
011110101
101011000
011110000
101001000
011100000
011110000
001110111
100000110
100010111
100011000
011100000
011110000
010001111
010010000
001011111
010010000
010001110
011100000
011110001
001001110
011101000
011110000
010001111
010011110
001011111
100010101
100010100
011100000
011110001
010001111
010001100
011101111
011111110
101010110
011110000
101000110
011100001
011110110
101010111
011110001
101000111
011100010
011111110
101011000
011110001
101001000
011100000
011111000
010110111
100000110
100010111
011100000
011111011
101011001
011110001
101001001
011100001
011110011
101011010
011110001
101001010
011100000
011110000
010001001
010010111
001111001
100001010
011001111
011100000
011110001
001001001
100011001
010011111
000100001
100011000
011100010
011110011
101011001
011110001
101001001
011100010
011111011
101011010
011110001
101001010
011100000
011111000
010001001
010010111
001111001
100001010
011001111
011100000
011110001
001001001
100011001
010011111
000100010
100011000
100010100
010010010
010001101
011001101
011001101
011001101
011101111
011110000
000001101
010010001
010001110
011011110
011011110
011011110
011011110
011100000
011111110
000001110
010010001
010001111
011011111
011011111
011011111
011100000
011110001
000001111
010011101
010001010
010011110
000011010
010011111
000011010
010010010
010001011
011011011
011011011
011011011
011011011
011011011
011100000
011110111
000001011
011100110
011110111
101011011
011110001
101001011
011100110
011111010
101011100
011110001
101001100
011100000
011110001
001111100
100001011
100011100
011100100
011110000
000011011
010010000
001011010
010010000
010001111
011100000
011110001
001001111
010011111
001011011
011100000
011110010
001000000
100010000
100100000
