011100010
011110000
010000000
011110001
010000001
011110010
010000010
011110011
010000011
011110000
011100000
010000100
010000101
010000110
010000111
010001000
010010000
001101001
011101111
011111000
000001001
011101111
011111000
010001011
011100000
011110000
010001100
010010001
001011100
010010010
001011100
010010011
001011100
011101001
011110001
101010000
011110001
101000000
011100010
011111110
101010001
011110000
101000001
011100000
011110000
010000100
010010000
001110100
100000000
011100000
011110000
010000111
011100100
011111000
101010010
011110000
101000010
011101100
011110101
101010011
011110000
101000011
011101000
011111101
101010100
011110001
101000100
011100001
011111111
001110100
100000010
100010011
011100101
011110101
101010101
011110000
101000101
011101100
011110100
101010110
011110000
101000110
011100000
011110000
010000101
011100000
011110100
001110101
100000110
010010101
010001000
010010100
001101101
011100110
011111010
101010111
011110000
101000111
011100111
011110010
101011000
011110000
101001000
011100000
011110000
010000110
010011000
001110110
100001000
011001101
011100000
011110001
001000110
100010111
011101111
011111000
010001111
010011101
000001111
011101000
011111010
101011001
011110000
101001001
011101100
011110000
101011010
011110000
101001010
010011111
010001100
010011001
000101100
011100000
011110000
001111100
100001001
100011010
011101001
011111001
101011011
011110000
101001011
011101010
011110000
101011100
011110000
101001100
011100000
011110100
010111000
100001011
100011100
010010001
001101010
011100000
011110001
001001010
010010001
001011010
011101010
011111111
101011011
011110000
101001011
011101011
011111001
101011100
011110000
101001100
011100000
011110000
001110111
100001011
100011100
011100000
011110001
010000111
010010010
001101010
011100000
011110001
001001010
010010010
001011010
010010011
001101010
011100000
011110001
001001010
010010011
001011010
011100000
011110001
001000101
100010101
100010100
011101101
011110010
101010101
011110000
101000101
011101000
011111100
101010110
011110001
101000110
011100000
011110000
010000101
011100000
011111000
001110101
100000110
010010101
010001000
010010100
001101101
010010100
010001100
011100000
011110001
001001100
010011100
001101110
011101111
011111000
010001011
011101111
011110001
101010111
011110000
101000111
011101111
011111001
101011000
011110000
101001000
011100000
011110000
010000110
010011000
001110110
100001000
011001101
011100000
011110001
001000110
100010111
011100000
011110101
101010111
011110001
101000111
011100000
011111110
101011000
011110001
101001000
010011000
010000110
011100000
011111000
001110110
100001000
011011110
011100000
011110001
001000110
100010111
011100001
011111111
101010111
011110001
101000111
011100011
011110101
101011000
011110001
101001000
011100000
011110011
010001100
010011000
010111100
100000111
100011000
011100010
011111100
101011001
011110001
101001001
011100011
011110100
101011010
011110001
101001010
011100000
011110011
010000110
010011000
001110110
100001010
011001011
011100000
011110001
001000110
100011001
100011000
011101111
011111000
000001110
010011011
000001101
010011101
010001111
010011110
000011111
011100101
011110001
101010111
011110001
101000111
011101000
011111000
101011000
011110001
101001000
010011001
010001100
010011111
000101100
011100000
011110000
001111100
100000111
100011000
011100110
011110000
101011001
011110001
101001001
011101000
011110001
101011010
011110001
101001010
011100000
011110100
010111000
100001001
100011010
010010001
001101010
011100000
011110001
001001010
010010001
001011010
011100111
011110110
101011011
011110001
101001011
011101000
011110000
101011100
011110001
101001100
011100000
011110000
001110111
100001011
100011100
011100000
011110001
010000111
010010010
001101010
011100000
011110001
001001010
010010010
001011010
100011010
010010011
001101010
011100000
011110001
001001010
010010011
001011010
011100000
011110001
001000101
100010101
100010100
011100000
011110001
001000100
100010001
100100000
